asin,aspect,fear,anger,anticip,trust,surprise,positive,negative,sadness,disgust,joy
B00005LBZO,year,0.019230769230769232,0.019230769230769232,0.15384615384615385,0.1346153846153846,0.09615384615384616,0.25,0.11538461538461539,0.019230769230769232,0.019230769230769232,0.17307692307692307
B00005LBZO,car,0.10869565217391304,0.021739130434782608,0.08695652173913043,0.08695652173913043,0.08695652173913043,0.30434782608695654,0.10869565217391304,0.043478260869565216,0.0,0.15217391304347827
B00005LBZO,kid,0.041666666666666664,0.0625,0.10416666666666667,0.16666666666666666,0.0625,0.2708333333333333,0.08333333333333333,0.0625,0.0625,0.08333333333333333
B00005LBZO,son,0.041666666666666664,0.08333333333333333,0.125,0.041666666666666664,0.041666666666666664,0.20833333333333334,0.25,0.08333333333333333,0.0,0.125
B00005LBZO,toy,0.0,0.0,0.3333333333333333,0.0,0.16666666666666666,0.16666666666666666,0.16666666666666666,0.0,0.0,0.16666666666666666
B00005LBZO,time,0.0,0.038461538461538464,0.4230769230769231,0.038461538461538464,0.07692307692307693,0.19230769230769232,0.07692307692307693,0.038461538461538464,0.0,0.11538461538461539
B00005LBZO,bike,0.0,0.14285714285714285,0.14285714285714285,0.0,0.0,0.2857142857142857,0.2857142857142857,0.14285714285714285,0.0,0.0
B00005LBZO,kettcar,0.0,0.0,0.2222222222222222,0.2222222222222222,0.1111111111111111,0.2222222222222222,0.1111111111111111,0.0,0.0,0.1111111111111111
B00005LBZO,cart,0.0,0.0,0.18181818181818182,0.09090909090909091,0.0,0.18181818181818182,0.18181818181818182,0.09090909090909091,0.09090909090909091,0.18181818181818182
B00005LBZO,pedal,0.0,0.3333333333333333,0.16666666666666666,0.0,0.0,0.3333333333333333,0.16666666666666666,0.0,0.0,0.0
B000GPLT68,car,0.038461538461538464,0.03205128205128205,0.15384615384615385,0.14102564102564102,0.07692307692307693,0.27564102564102566,0.05128205128205128,0.03205128205128205,0.019230769230769232,0.1794871794871795
B000GPLT68,son,0.06,0.08,0.2,0.12,0.06,0.2,0.14,0.02,0.0,0.12
B000GPLT68,wheel,0.0625,0.046875,0.109375,0.09375,0.0625,0.25,0.140625,0.046875,0.0625,0.125
B000GPLT68,time,0.04225352112676056,0.028169014084507043,0.38028169014084506,0.04225352112676056,0.08450704225352113,0.16901408450704225,0.07042253521126761,0.028169014084507043,0.028169014084507043,0.1267605633802817
B000GPLT68,quality,0.0,0.0,0.22580645161290322,0.16129032258064516,0.06451612903225806,0.3225806451612903,0.0,0.0,0.0,0.22580645161290322
B000GPLT68,race,0.041666666666666664,0.041666666666666664,0.16666666666666666,0.20833333333333334,0.08333333333333333,0.20833333333333334,0.041666666666666664,0.0,0.0,0.20833333333333334
B000GPLT68,gift,0.03125,0.0,0.21875,0.03125,0.171875,0.265625,0.03125,0.03125,0.0,0.21875
B000GPLT68,grandson,0.0,0.0,0.14285714285714285,0.14285714285714285,0.07142857142857142,0.42857142857142855,0.0,0.0,0.0,0.21428571428571427
B000GPLT68,year,0.05128205128205128,0.05128205128205128,0.15384615384615385,0.07692307692307693,0.10256410256410256,0.1794871794871795,0.10256410256410256,0.02564102564102564,0.10256410256410256,0.15384615384615385
B000GPLT68,piece,0.0,0.0,0.1724137931034483,0.27586206896551724,0.06896551724137931,0.2413793103448276,0.06896551724137931,0.0,0.0,0.1724137931034483
B000Q9KPB4,case,0.18160377358490565,0.02830188679245283,0.0589622641509434,0.07783018867924528,0.030660377358490566,0.1391509433962264,0.21933962264150944,0.1792452830188679,0.02358490566037736,0.06132075471698113
B000Q9KPB4,car,0.136,0.032,0.064,0.128,0.024,0.208,0.2,0.136,0.008,0.064
B000Q9KPB4,product,0.1037344398340249,0.03734439834024896,0.08713692946058091,0.11203319502074689,0.03319502074688797,0.21991701244813278,0.1825726141078838,0.1078838174273859,0.024896265560165973,0.0912863070539419
B000Q9KPB4,display,0.18497109826589594,0.028901734104046242,0.07514450867052024,0.057803468208092484,0.023121387283236993,0.12138728323699421,0.2254335260115607,0.1907514450867052,0.023121387283236993,0.06936416184971098
B000Q9KPB4,model,0.12264150943396226,0.02830188679245283,0.04716981132075472,0.12264150943396226,0.0,0.330188679245283,0.1792452830188679,0.09433962264150944,0.02830188679245283,0.04716981132075472
B000Q9KPB4,plastic,0.14606741573033707,0.056179775280898875,0.07865168539325842,0.16853932584269662,0.0,0.15730337078651685,0.20224719101123595,0.1348314606741573,0.02247191011235955,0.033707865168539325
B000Q9KPB4,base,0.125,0.03571428571428571,0.05357142857142857,0.3392857142857143,0.0,0.14285714285714285,0.16071428571428573,0.10714285714285714,0.03571428571428571,0.0
B000Q9KPB4,quality,0.10256410256410256,0.02564102564102564,0.07692307692307693,0.15384615384615385,0.05128205128205128,0.20512820512820512,0.15384615384615385,0.1282051282051282,0.02564102564102564,0.07692307692307693
B000Q9KPB4,item,0.1388888888888889,0.027777777777777776,0.05555555555555555,0.08333333333333333,0.0,0.16666666666666666,0.2777777777777778,0.1388888888888889,0.027777777777777776,0.08333333333333333
B000Q9KPB4,wire,0.2,0.03333333333333333,0.06666666666666667,0.13333333333333333,0.0,0.16666666666666666,0.2,0.16666666666666666,0.03333333333333333,0.0
B002AKKO6S,guitar,0.026595744680851064,0.03723404255319149,0.11702127659574468,0.10106382978723404,0.05851063829787234,0.34574468085106386,0.10638297872340426,0.0425531914893617,0.015957446808510637,0.14893617021276595
B002AKKO6S,string,0.06060606060606061,0.06060606060606061,0.09090909090909091,0.10606060606060606,0.030303030303030304,0.30303030303030304,0.19696969696969696,0.06060606060606061,0.0,0.09090909090909091
B002AKKO6S,size,0.014705882352941176,0.014705882352941176,0.17647058823529413,0.16176470588235295,0.07352941176470588,0.3382352941176471,0.058823529411764705,0.0,0.0,0.16176470588235295
B002AKKO6S,year,0.0,0.0,0.1111111111111111,0.1111111111111111,0.027777777777777776,0.4166666666666667,0.08333333333333333,0.027777777777777776,0.0,0.2222222222222222
B002AKKO6S,quality,0.015625,0.0,0.1875,0.1875,0.09375,0.296875,0.046875,0.015625,0.0,0.15625
B002AKKO6S,sound,0.0,0.010526315789473684,0.16842105263157894,0.18947368421052632,0.09473684210526316,0.28421052631578947,0.031578947368421054,0.021052631578947368,0.0,0.2
B002AKKO6S,price,0.02857142857142857,0.05714285714285714,0.11428571428571428,0.11428571428571428,0.08571428571428572,0.3142857142857143,0.11428571428571428,0.05714285714285714,0.0,0.11428571428571428
B002AKKO6S,tune,0.0,0.0,0.1111111111111111,0.1111111111111111,0.2222222222222222,0.1111111111111111,0.2222222222222222,0.1111111111111111,0.0,0.1111111111111111
B002AKKO6S,toy,0.07692307692307693,0.07692307692307693,0.15384615384615385,0.07692307692307693,0.07692307692307693,0.23076923076923078,0.15384615384615385,0.07692307692307693,0.0,0.07692307692307693
B002AKKO6S,thing,0.0,0.0,0.14285714285714285,0.21428571428571427,0.07142857142857142,0.35714285714285715,0.0,0.0,0.0,0.21428571428571427
B004KU83C8,train,0.018518518518518517,0.05555555555555555,0.16666666666666666,0.16666666666666666,0.07407407407407407,0.2777777777777778,0.07407407407407407,0.037037037037037035,0.0,0.12962962962962962
B004KU83C8,brio,0.014492753623188406,0.028985507246376812,0.15942028985507245,0.17391304347826086,0.07246376811594203,0.34782608695652173,0.028985507246376812,0.0,0.0,0.17391304347826086
B004KU83C8,set,0.05,0.05,0.15,0.1,0.125,0.25,0.075,0.05,0.025,0.125
B004KU83C8,car,0.08108108108108109,0.05405405405405406,0.08108108108108109,0.08108108108108109,0.05405405405405406,0.24324324324324326,0.13513513513513514,0.08108108108108109,0.05405405405405406,0.13513513513513514
B004KU83C8,son,0.0,0.0,0.2222222222222222,0.16666666666666666,0.05555555555555555,0.3333333333333333,0.05555555555555555,0.0,0.0,0.16666666666666666
B004KU83C8,grandson,0.0,0.0,0.15384615384615385,0.07692307692307693,0.15384615384615385,0.46153846153846156,0.0,0.0,0.0,0.15384615384615385
B004KU83C8,product,0.044444444444444446,0.022222222222222223,0.13333333333333333,0.13333333333333333,0.07777777777777778,0.3,0.07777777777777778,0.03333333333333333,0.022222222222222223,0.15555555555555556
B004KU83C8,boxcar,0.07692307692307693,0.0,0.23076923076923078,0.23076923076923078,0.07692307692307693,0.23076923076923078,0.0,0.0,0.0,0.15384615384615385
B004KU83C8,quality,0.0,0.05555555555555555,0.1111111111111111,0.1111111111111111,0.05555555555555555,0.3333333333333333,0.16666666666666666,0.0,0.0,0.16666666666666666
B004KU83C8,thomas,0.0,0.25,0.0,0.25,0.0,0.25,0.25,0.0,0.0,0.0
B004LH01ZW,truck,0.04,0.05142857142857143,0.08,0.33714285714285713,0.03428571428571429,0.16,0.12571428571428572,0.05714285714285714,0.02857142857142857,0.08571428571428572
B004LH01ZW,battery,0.023809523809523808,0.3333333333333333,0.023809523809523808,0.09523809523809523,0.047619047619047616,0.11904761904761904,0.3333333333333333,0.023809523809523808,0.0,0.0
B004LH01ZW,product,0.023529411764705882,0.08235294117647059,0.12941176470588237,0.12941176470588237,0.09411764705882353,0.23529411764705882,0.10588235294117647,0.03529411764705882,0.023529411764705882,0.1411764705882353
B004LH01ZW,wheel,0.06451612903225806,0.06451612903225806,0.06451612903225806,0.22580645161290322,0.06451612903225806,0.25806451612903225,0.0967741935483871,0.0,0.03225806451612903,0.12903225806451613
B004LH01ZW,grandson,0.0,0.05,0.2,0.15,0.1,0.25,0.05,0.05,0.0,0.15
B004LH01ZW,son,0.023255813953488372,0.046511627906976744,0.13953488372093023,0.13953488372093023,0.16279069767441862,0.16279069767441862,0.09302325581395349,0.023255813953488372,0.046511627906976744,0.16279069767441862
B004LH01ZW,toy,0.0,0.04,0.16,0.12,0.04,0.32,0.04,0.04,0.04,0.2
B004LH01ZW,light,0.0967741935483871,0.03225806451612903,0.06451612903225806,0.22580645161290322,0.06451612903225806,0.2903225806451613,0.06451612903225806,0.03225806451612903,0.0,0.12903225806451613
B004LH01ZW,day,0.1111111111111111,0.07407407407407407,0.07407407407407407,0.037037037037037035,0.07407407407407407,0.1111111111111111,0.25925925925925924,0.1111111111111111,0.07407407407407407,0.07407407407407407
B004LH01ZW,rc,0.05555555555555555,0.0,0.05555555555555555,0.2777777777777778,0.0,0.2777777777777778,0.16666666666666666,0.1111111111111111,0.05555555555555555,0.0
B006RKH1I6,toy,0.045454545454545456,0.030303030303030304,0.12121212121212122,0.21212121212121213,0.07575757575757576,0.3181818181818182,0.0,0.015151515151515152,0.015151515151515152,0.16666666666666666
B006RKH1I6,son,0.0,0.0,0.18181818181818182,0.18181818181818182,0.13636363636363635,0.22727272727272727,0.09090909090909091,0.045454545454545456,0.0,0.13636363636363635
B006RKH1I6,arm,0.06896551724137931,0.034482758620689655,0.10344827586206896,0.06896551724137931,0.20689655172413793,0.1724137931034483,0.20689655172413793,0.06896551724137931,0.0,0.06896551724137931
B006RKH1I6,quality,0.0,0.0,0.14285714285714285,0.14285714285714285,0.14285714285714285,0.21428571428571427,0.14285714285714285,0.07142857142857142,0.0,0.14285714285714285
B006RKH1I6,poli,0.0,0.0,0.06666666666666667,0.2,0.06666666666666667,0.26666666666666666,0.06666666666666667,0.06666666666666667,0.0,0.26666666666666666
B006RKH1I6,show,0.0,0.0,0.16666666666666666,0.4166666666666667,0.041666666666666664,0.20833333333333334,0.0,0.0,0.0,0.16666666666666666
B006RKH1I6,transformer,0.0,0.0,0.2631578947368421,0.10526315789473684,0.15789473684210525,0.2631578947368421,0.0,0.0,0.0,0.21052631578947367
B006RKH1I6,robocar,0.0,0.0,0.0,0.2727272727272727,0.0,0.2727272727272727,0.09090909090909091,0.09090909090909091,0.0,0.2727272727272727
B006RKH1I6,year,0.0,0.0,0.2,0.4,0.0,0.2,0.0,0.0,0.0,0.2
B006RKH1I6,amber,0.0,0.0,0.14285714285714285,0.19047619047619047,0.14285714285714285,0.19047619047619047,0.09523809523809523,0.047619047619047616,0.0,0.19047619047619047
B006RKBK0Q,toy,0.06756756756756757,0.02702702702702703,0.14414414414414414,0.17117117117117117,0.07207207207207207,0.23873873873873874,0.07657657657657657,0.04054054054054054,0.018018018018018018,0.14414414414414414
B006RKBK0Q,son,0.04838709677419355,0.016129032258064516,0.1935483870967742,0.16129032258064516,0.08064516129032258,0.1774193548387097,0.0967741935483871,0.06451612903225806,0.0,0.16129032258064516
B006RKBK0Q,arm,0.056338028169014086,0.04225352112676056,0.09859154929577464,0.04225352112676056,0.16901408450704225,0.08450704225352113,0.30985915492957744,0.14084507042253522,0.014084507042253521,0.04225352112676056
B006RKBK0Q,poli,0.02702702702702703,0.013513513513513514,0.14864864864864866,0.16216216216216217,0.08108108108108109,0.24324324324324326,0.05405405405405406,0.05405405405405406,0.013513513513513514,0.20270270270270271
B006RKBK0Q,quality,0.0375,0.05,0.1,0.125,0.1375,0.175,0.1375,0.075,0.05,0.1125
B006RKBK0Q,show,0.0273972602739726,0.0,0.1643835616438356,0.3424657534246575,0.0410958904109589,0.2465753424657534,0.0136986301369863,0.0273972602739726,0.0,0.136986301369863
B006RKBK0Q,robocar,0.04225352112676056,0.014084507042253521,0.14084507042253522,0.16901408450704225,0.04225352112676056,0.23943661971830985,0.08450704225352113,0.07042253521126761,0.028169014084507043,0.16901408450704225
B006RKBK0Q,time,0.0,0.0,0.59375,0.09375,0.0625,0.125,0.0625,0.03125,0.0,0.03125
B006RKBK0Q,year,0.05263157894736842,0.02631578947368421,0.21052631578947367,0.15789473684210525,0.07894736842105263,0.18421052631578946,0.05263157894736842,0.02631578947368421,0.05263157894736842,0.15789473684210525
B006RKBK0Q,leg,0.029411764705882353,0.029411764705882353,0.08823529411764706,0.029411764705882353,0.11764705882352941,0.11764705882352941,0.3235294117647059,0.14705882352941177,0.058823529411764705,0.058823529411764705
B006RKFHBY,toy,0.04032258064516129,0.04838709677419355,0.14516129032258066,0.1935483870967742,0.07258064516129033,0.22580645161290322,0.04838709677419355,0.04032258064516129,0.04032258064516129,0.14516129032258066
B006RKFHBY,son,0.03389830508474576,0.01694915254237288,0.13559322033898305,0.1694915254237288,0.06779661016949153,0.3220338983050847,0.01694915254237288,0.01694915254237288,0.01694915254237288,0.2033898305084746
B006RKFHBY,quality,0.045454545454545456,0.06818181818181818,0.13636363636363635,0.09090909090909091,0.06818181818181818,0.13636363636363635,0.1590909090909091,0.09090909090909091,0.11363636363636363,0.09090909090909091
B006RKFHBY,poli,0.1,0.05,0.1,0.2,0.05,0.175,0.05,0.075,0.025,0.175
B006RKFHBY,year,0.05405405405405406,0.02702702702702703,0.13513513513513514,0.24324324324324326,0.02702702702702703,0.2702702702702703,0.02702702702702703,0.02702702702702703,0.02702702702702703,0.16216216216216217
B006RKFHBY,robocar,0.0975609756097561,0.04878048780487805,0.07317073170731707,0.21951219512195122,0.024390243902439025,0.1951219512195122,0.04878048780487805,0.07317073170731707,0.024390243902439025,0.1951219512195122
B006RKFHBY,arm,0.125,0.1,0.025,0.0,0.175,0.075,0.3,0.15,0.05,0.0
B006RKFHBY,show,0.0,0.0,0.16,0.52,0.04,0.16,0.0,0.0,0.0,0.12
B006RKFHBY,transformer,0.09375,0.03125,0.15625,0.15625,0.0625,0.28125,0.0,0.03125,0.03125,0.15625
B006RKFHBY,roy,0.058823529411764705,0.0,0.11764705882352941,0.17647058823529413,0.058823529411764705,0.23529411764705882,0.058823529411764705,0.058823529411764705,0.058823529411764705,0.17647058823529413
B00AM9SZWO,toy,0.04477611940298507,0.014925373134328358,0.1044776119402985,0.14925373134328357,0.014925373134328358,0.31343283582089554,0.07462686567164178,0.029850746268656716,0.0,0.2537313432835821
B00AM9SZWO,bus,0.028169014084507043,0.028169014084507043,0.1267605633802817,0.22535211267605634,0.04225352112676056,0.2112676056338028,0.09859154929577464,0.08450704225352113,0.028169014084507043,0.1267605633802817
B00AM9SZWO,tayo,0.0625,0.03125,0.15625,0.125,0.078125,0.265625,0.046875,0.015625,0.015625,0.203125
B00AM9SZWO,bong,0.07317073170731707,0.04878048780487805,0.14634146341463414,0.14634146341463414,0.07317073170731707,0.17073170731707318,0.14634146341463414,0.0975609756097561,0.024390243902439025,0.07317073170731707
B00AM9SZWO,son,0.02564102564102564,0.0,0.20512820512820512,0.15384615384615385,0.15384615384615385,0.28205128205128205,0.0,0.0,0.0,0.1794871794871795
B00AM9SZWO,carry,0.044444444444444446,0.044444444444444446,0.1111111111111111,0.2,0.044444444444444446,0.2,0.15555555555555556,0.06666666666666667,0.022222222222222223,0.1111111111111111
B00AM9SZWO,kid,0.12121212121212122,0.06060606060606061,0.09090909090909091,0.06060606060606061,0.06060606060606061,0.21212121212121213,0.15151515151515152,0.06060606060606061,0.030303030303030304,0.15151515151515152
B00AM9SZWO,bongbong,0.0,0.0,0.0625,0.25,0.0,0.375,0.0,0.0,0.0,0.3125
B00AM9SZWO,quality,0.0,0.0,0.16666666666666666,0.25,0.125,0.25,0.041666666666666664,0.0,0.0,0.16666666666666666
B00AM9SZWO,year,0.037037037037037035,0.037037037037037035,0.18518518518518517,0.1111111111111111,0.1111111111111111,0.18518518518518517,0.07407407407407407,0.037037037037037035,0.037037037037037035,0.18518518518518517
B00APTT9SU,bus,0.021739130434782608,0.043478260869565216,0.10869565217391304,0.15217391304347827,0.021739130434782608,0.32608695652173914,0.10869565217391304,0.043478260869565216,0.06521739130434782,0.10869565217391304
B00APTT9SU,son,0.0,0.0,0.13793103448275862,0.20689655172413793,0.10344827586206896,0.27586206896551724,0.034482758620689655,0.034482758620689655,0.0,0.20689655172413793
B00APTT9SU,tayo,0.0,0.0,0.1111111111111111,0.1111111111111111,0.05555555555555555,0.3333333333333333,0.1111111111111111,0.0,0.05555555555555555,0.2222222222222222
B00APTT9SU,toy,0.0,0.0,0.06666666666666667,0.13333333333333333,0.0,0.4,0.13333333333333333,0.0,0.06666666666666667,0.2
B00APTT9SU,year,0.0,0.0,0.2857142857142857,0.09523809523809523,0.09523809523809523,0.2857142857142857,0.0,0.0,0.0,0.23809523809523808
B00APTT9SU,kid,0.0,0.0,0.12,0.04,0.12,0.36,0.04,0.0,0.04,0.28
B00APTT9SU,rogi,0.0,0.0,0.14285714285714285,0.14285714285714285,0.21428571428571427,0.21428571428571427,0.07142857142857142,0.0,0.0,0.21428571428571427
B00APTT9SU,daughter,0.0,0.0,0.1,0.05,0.05,0.4,0.0,0.0,0.0,0.4
B00APTT9SU,quality,0.0,0.0,0.17391304347826086,0.13043478260869565,0.13043478260869565,0.30434782608695654,0.0,0.0,0.0,0.2608695652173913
B00APTT9SU,time,0.0,0.0,0.34782608695652173,0.13043478260869565,0.17391304347826086,0.17391304347826086,0.0,0.0,0.0,0.17391304347826086
B00E849LS6,car,0.09090909090909091,0.03409090909090909,0.09090909090909091,0.1590909090909091,0.056818181818181816,0.20454545454545456,0.13636363636363635,0.06818181818181818,0.011363636363636364,0.14772727272727273
B00E849LS6,product,0.07758620689655173,0.04310344827586207,0.10344827586206896,0.14655172413793102,0.06896551724137931,0.19827586206896552,0.12931034482758622,0.06896551724137931,0.017241379310344827,0.14655172413793102
B00E849LS6,case,0.15492957746478872,0.028169014084507043,0.056338028169014086,0.09859154929577464,0.028169014084507043,0.18309859154929578,0.18309859154929578,0.15492957746478872,0.014084507042253521,0.09859154929577464
B00E849LS6,price,0.02702702702702703,0.05405405405405406,0.16216216216216217,0.16216216216216217,0.05405405405405406,0.32432432432432434,0.08108108108108109,0.05405405405405406,0.0,0.08108108108108109
B00E849LS6,display,0.0958904109589041,0.0273972602739726,0.0821917808219178,0.1506849315068493,0.0684931506849315,0.2054794520547945,0.1095890410958904,0.0958904109589041,0.0136986301369863,0.1506849315068493
B00E849LS6,card,0.05,0.05,0.1,0.15,0.1,0.2,0.2,0.05,0.1,0.0
B00E849LS6,collection,0.0625,0.0625,0.125,0.0,0.0625,0.25,0.1875,0.125,0.0,0.125
B00E849LS6,wall,0.0,0.04,0.16,0.16,0.16,0.24,0.04,0.0,0.0,0.2
B00E849LS6,plastic,0.1,0.0,0.1,0.1,0.0,0.2,0.3,0.1,0.1,0.0
B00E849LS6,wheel,0.02631578947368421,0.18421052631578946,0.15789473684210525,0.07894736842105263,0.07894736842105263,0.23684210526315788,0.05263157894736842,0.02631578947368421,0.0,0.15789473684210525
B00J97X2YG,car,0.07553956834532374,0.07913669064748201,0.10431654676258993,0.11151079136690648,0.07194244604316546,0.18705035971223022,0.1510791366906475,0.08273381294964029,0.0683453237410072,0.0683453237410072
B00J97X2YG,window,0.07772020725388601,0.07772020725388601,0.10362694300518134,0.11917098445595854,0.05181347150259067,0.17616580310880828,0.22279792746113988,0.09326424870466321,0.031088082901554404,0.046632124352331605
B00J97X2YG,fan,0.05806451612903226,0.07096774193548387,0.10967741935483871,0.12903225806451613,0.05806451612903226,0.25806451612903225,0.12903225806451613,0.06451612903225806,0.05806451612903226,0.06451612903225806
B00J97X2YG,product,0.0650887573964497,0.07396449704142012,0.10946745562130178,0.12130177514792899,0.07396449704142012,0.21005917159763313,0.14201183431952663,0.06804733727810651,0.05621301775147929,0.07988165680473373
B00J97X2YG,kulcar,0.07317073170731707,0.07317073170731707,0.12195121951219512,0.12195121951219512,0.04878048780487805,0.2926829268292683,0.07317073170731707,0.04878048780487805,0.0,0.14634146341463414
B00J97X2YG,vehicle,0.031746031746031744,0.047619047619047616,0.15873015873015872,0.20634920634920634,0.12698412698412698,0.15873015873015872,0.047619047619047616,0.031746031746031744,0.07936507936507936,0.1111111111111111
B00J97X2YG,rubber,0.07407407407407407,0.07407407407407407,0.09259259259259259,0.16666666666666666,0.018518518518518517,0.14814814814814814,0.2222222222222222,0.14814814814814814,0.037037037037037035,0.018518518518518517
B00J97X2YG,air,0.1111111111111111,0.19444444444444445,0.027777777777777776,0.05555555555555555,0.0,0.16666666666666666,0.2222222222222222,0.1111111111111111,0.1111111111111111,0.0
B00J97X2YG,unit,0.029411764705882353,0.0,0.058823529411764705,0.20588235294117646,0.11764705882352941,0.20588235294117646,0.23529411764705882,0.029411764705882353,0.08823529411764706,0.029411764705882353
B00J97X2YG,sun,0.009708737864077669,0.02912621359223301,0.18446601941747573,0.1553398058252427,0.1650485436893204,0.24271844660194175,0.019417475728155338,0.009708737864077669,0.009708737864077669,0.17475728155339806
B00JPTG45C,axle,0.07228915662650602,0.03614457831325301,0.1566265060240964,0.12048192771084337,0.04819277108433735,0.24096385542168675,0.13253012048192772,0.10843373493975904,0.024096385542168676,0.060240963855421686
B00JPTG45C,tool,0.019230769230769232,0.038461538461538464,0.15384615384615385,0.19230769230769232,0.038461538461538464,0.3076923076923077,0.07692307692307693,0.057692307692307696,0.038461538461538464,0.07692307692307693
B00JPTG45C,car,0.06153846153846154,0.03076923076923077,0.18461538461538463,0.1076923076923077,0.046153846153846156,0.23076923076923078,0.16923076923076924,0.12307692307692308,0.015384615384615385,0.03076923076923077
B00JPTG45C,wheel,0.05128205128205128,0.05128205128205128,0.28205128205128205,0.10256410256410256,0.07692307692307693,0.23076923076923078,0.10256410256410256,0.05128205128205128,0.0,0.05128205128205128
B00JPTG45C,pinewood,0.08333333333333333,0.08333333333333333,0.08333333333333333,0.08333333333333333,0.0,0.25,0.16666666666666666,0.16666666666666666,0.08333333333333333,0.0
B00JPTG45C,derby,0.041666666666666664,0.041666666666666664,0.16666666666666666,0.08333333333333333,0.041666666666666664,0.25,0.125,0.125,0.041666666666666664,0.08333333333333333
B00JPTG45C,guide,0.02040816326530612,0.0,0.061224489795918366,0.3877551020408163,0.061224489795918366,0.40816326530612246,0.02040816326530612,0.0,0.02040816326530612,0.02040816326530612
B00JPTG45C,nail,0.04,0.0,0.16,0.24,0.12,0.28,0.08,0.0,0.0,0.08
B00JPTG45C,side,0.0,0.0,0.17647058823529413,0.23529411764705882,0.058823529411764705,0.29411764705882354,0.17647058823529413,0.058823529411764705,0.0,0.0
B00JPTG45C,year,0.0,0.0,0.3076923076923077,0.15384615384615385,0.07692307692307693,0.23076923076923078,0.0,0.0,0.07692307692307693,0.15384615384615385
B00KFBS5QA,car,0.05357142857142857,0.017857142857142856,0.16071428571428573,0.14285714285714285,0.08928571428571429,0.25,0.05357142857142857,0.07142857142857142,0.03571428571428571,0.125
B00KFBS5QA,son,0.05660377358490566,0.018867924528301886,0.16981132075471697,0.09433962264150944,0.07547169811320754,0.22641509433962265,0.05660377358490566,0.09433962264150944,0.018867924528301886,0.18867924528301888
B00KFBS5QA,light,0.0,0.034482758620689655,0.10344827586206896,0.10344827586206896,0.06896551724137931,0.27586206896551724,0.13793103448275862,0.06896551724137931,0.034482758620689655,0.1724137931034483
B00KFBS5QA,product,0.047619047619047616,0.015873015873015872,0.19047619047619047,0.15873015873015872,0.07936507936507936,0.25396825396825395,0.047619047619047616,0.06349206349206349,0.031746031746031744,0.1111111111111111
B00KFBS5QA,grandson,0.0,0.0,0.25,0.0,0.25,0.25,0.0,0.0,0.0,0.25
B00KFBS5QA,communication,0.0,0.0,0.0,0.5714285714285714,0.14285714285714285,0.2857142857142857,0.0,0.0,0.0,0.0
B00KFBS5QA,quality,0.05555555555555555,0.05555555555555555,0.1111111111111111,0.2222222222222222,0.05555555555555555,0.16666666666666666,0.05555555555555555,0.05555555555555555,0.05555555555555555,0.16666666666666666
B00KFBS5QA,seller,0.0,0.0,0.2222222222222222,0.3333333333333333,0.1111111111111111,0.3333333333333333,0.0,0.0,0.0,0.0
B00KFBS5QA,price,0.0,0.0,0.125,0.25,0.0,0.5,0.0,0.0,0.0,0.125
B00KFBS5QA,shipping,0.07692307692307693,0.0,0.15384615384615385,0.23076923076923078,0.0,0.3076923076923077,0.07692307692307693,0.0,0.0,0.15384615384615385
B00KS6ADQW,scar,0.15625,0.09375,0.03125,0.0625,0.03125,0.15625,0.125,0.125,0.09375,0.125
B00KS6ADQW,paint,0.07142857142857142,0.0,0.07142857142857142,0.07142857142857142,0.14285714285714285,0.35714285714285715,0.14285714285714285,0.07142857142857142,0.07142857142857142,0.0
B00KS6ADQW,pop,0.0,0.08333333333333333,0.0,0.08333333333333333,0.3333333333333333,0.08333333333333333,0.4166666666666667,0.0,0.0,0.0
B00KS6ADQW,collection,0.1,0.0,0.1,0.1,0.1,0.4,0.0,0.0,0.0,0.2
B00KS6ADQW,item,0.05,0.0,0.3,0.05,0.1,0.2,0.1,0.05,0.05,0.1
B00KS6ADQW,disney,0.06666666666666667,0.0,0.06666666666666667,0.13333333333333333,0.13333333333333333,0.26666666666666666,0.06666666666666667,0.06666666666666667,0.0,0.2
B00KS6ADQW,awesome,0.1111111111111111,0.1111111111111111,0.0,0.0,0.2222222222222222,0.0,0.3333333333333333,0.1111111111111111,0.1111111111111111,0.0
B00KS6ADQW,detail,0.25,0.0,0.0,0.0,0.25,0.0,0.5,0.0,0.0,0.0
B00KS6ADQW,job,0.14285714285714285,0.0,0.0,0.0,0.0,0.5714285714285714,0.14285714285714285,0.14285714285714285,0.0,0.0
B00KS6ADQW,box,0.0,0.09090909090909091,0.09090909090909091,0.0,0.09090909090909091,0.18181818181818182,0.09090909090909091,0.09090909090909091,0.18181818181818182,0.18181818181818182
B00S4RM1XK,owl,0.0,0.010416666666666666,0.10416666666666667,0.10416666666666667,0.041666666666666664,0.3854166666666667,0.020833333333333332,0.052083333333333336,0.0,0.28125
B00S4RM1XK,daughter,0.0,0.010101010101010102,0.08080808080808081,0.06060606060606061,0.050505050505050504,0.41414141414141414,0.010101010101010102,0.0,0.010101010101010102,0.36363636363636365
B00S4RM1XK,cute,0.0,0.0,0.015151515151515152,0.0,0.0,0.803030303030303,0.015151515151515152,0.030303030303030304,0.0,0.13636363636363635
B00S4RM1XK,beanie,0.038461538461538464,0.0,0.038461538461538464,0.07692307692307693,0.038461538461538464,0.38461538461538464,0.07692307692307693,0.038461538461538464,0.038461538461538464,0.2692307692307692
B00S4RM1XK,color,0.01818181818181818,0.0,0.03636363636363636,0.16363636363636364,0.01818181818181818,0.34545454545454546,0.01818181818181818,0.09090909090909091,0.03636363636363636,0.2727272727272727
B00S4RM1XK,eye,0.034482758620689655,0.0,0.034482758620689655,0.10344827586206896,0.034482758620689655,0.3793103448275862,0.0,0.034482758620689655,0.06896551724137931,0.3103448275862069
B00S4RM1XK,gift,0.0,0.0,0.2,0.04,0.2,0.28,0.0,0.0,0.0,0.28
B00S4RM1XK,son,0.03333333333333333,0.03333333333333333,0.16666666666666666,0.23333333333333334,0.13333333333333333,0.13333333333333333,0.06666666666666667,0.03333333333333333,0.06666666666666667,0.1
B00S4RM1XK,baby,0.0,0.0,0.07692307692307693,0.07692307692307693,0.07692307692307693,0.34615384615384615,0.038461538461538464,0.038461538461538464,0.038461538461538464,0.3076923076923077
B00S4RM1XK,wife,0.0,0.0,0.0,0.3333333333333333,0.0,0.3333333333333333,0.0,0.0,0.0,0.3333333333333333
B00TSV67XG,cupcake,0.029411764705882353,0.029411764705882353,0.20588235294117646,0.08823529411764706,0.058823529411764705,0.23529411764705882,0.14705882352941177,0.08823529411764706,0.0,0.11764705882352941
B00TSV67XG,party,0.0,0.0,0.25,0.14285714285714285,0.07142857142857142,0.32142857142857145,0.0,0.0,0.0,0.21428571428571427
B00TSV67XG,time,0.0,0.0625,0.5,0.125,0.0,0.125,0.0625,0.0,0.0,0.125
B00TSV67XG,movie,0.0,0.03225806451612903,0.22580645161290322,0.16129032258064516,0.06451612903225806,0.22580645161290322,0.03225806451612903,0.03225806451612903,0.03225806451612903,0.1935483870967742
B00TSV67XG,quality,0.0,0.0,0.0,0.0,0.0,1.0,0.0,0.0,0.0,0.0
B00TSV67XG,easy,0.037037037037037035,0.0,0.14814814814814814,0.14814814814814814,0.0,0.37037037037037035,0.037037037037037035,0.037037037037037035,0.0,0.2222222222222222
B00TSV67XG,piece,0.3333333333333333,0.0,0.3333333333333333,0.0,0.0,0.0,0.3333333333333333,0.0,0.0,0.0
B00TSV67XG,sturdy,0.02857142857142857,0.0,0.17142857142857143,0.05714285714285714,0.08571428571428572,0.5142857142857142,0.02857142857142857,0.02857142857142857,0.0,0.08571428571428572
B00TSV67XG,theme,0.0,0.0,0.3,0.1,0.1,0.3,0.0,0.0,0.0,0.2
B00TSV67XG,cute,0.0,0.0,0.0,0.0,0.0,1.0,0.0,0.0,0.0,0.0
B00TWG57CY,toy,0.043478260869565216,0.0,0.13043478260869565,0.13043478260869565,0.07246376811594203,0.2753623188405797,0.08695652173913043,0.08695652173913043,0.0,0.17391304347826086
B00TWG57CY,bruder,0.03571428571428571,0.017857142857142856,0.08928571428571429,0.10714285714285714,0.10714285714285714,0.16071428571428573,0.17857142857142858,0.19642857142857142,0.017857142857142856,0.08928571428571429
B00TWG57CY,grandson,0.08823529411764706,0.029411764705882353,0.11764705882352941,0.11764705882352941,0.08823529411764706,0.23529411764705882,0.11764705882352941,0.029411764705882353,0.0,0.17647058823529413
B00TWG57CY,car,0.0967741935483871,0.06451612903225806,0.12903225806451613,0.0967741935483871,0.03225806451612903,0.22580645161290322,0.12903225806451613,0.12903225806451613,0.0,0.0967741935483871
B00TWG57CY,door,0.2,0.0,0.05,0.05,0.05,0.1,0.3,0.25,0.0,0.0
B00TWG57CY,quality,0.03571428571428571,0.03571428571428571,0.07142857142857142,0.10714285714285714,0.10714285714285714,0.25,0.10714285714285714,0.10714285714285714,0.03571428571428571,0.14285714285714285
B00TWG57CY,jeep,0.15217391304347827,0.0,0.043478260869565216,0.17391304347826086,0.021739130434782608,0.15217391304347827,0.21739130434782608,0.21739130434782608,0.021739130434782608,0.0
B00TWG57CY,year,0.11764705882352941,0.11764705882352941,0.058823529411764705,0.058823529411764705,0.058823529411764705,0.0,0.35294117647058826,0.23529411764705882,0.0,0.0
B00TWG57CY,son,0.07407407407407407,0.0,0.1111111111111111,0.18518518518518517,0.14814814814814814,0.2962962962962963,0.037037037037037035,0.037037037037037035,0.0,0.1111111111111111
B00TWG57CY,part,0.08333333333333333,0.041666666666666664,0.125,0.25,0.041666666666666664,0.25,0.125,0.041666666666666664,0.0,0.041666666666666664
B00V8LIPFW,toy,0.043478260869565216,0.0,0.13043478260869565,0.13043478260869565,0.07246376811594203,0.2753623188405797,0.08695652173913043,0.08695652173913043,0.0,0.17391304347826086
B00V8LIPFW,bruder,0.034482758620689655,0.017241379310344827,0.08620689655172414,0.10344827586206896,0.10344827586206896,0.1724137931034483,0.1724137931034483,0.1896551724137931,0.017241379310344827,0.10344827586206896
B00V8LIPFW,car,0.11764705882352941,0.058823529411764705,0.11764705882352941,0.11764705882352941,0.029411764705882353,0.20588235294117646,0.14705882352941177,0.11764705882352941,0.0,0.08823529411764706
B00V8LIPFW,grandson,0.10526315789473684,0.05263157894736842,0.10526315789473684,0.10526315789473684,0.07894736842105263,0.21052631578947367,0.13157894736842105,0.05263157894736842,0.0,0.15789473684210525
B00V8LIPFW,year,0.14285714285714285,0.14285714285714285,0.047619047619047616,0.047619047619047616,0.047619047619047616,0.0,0.3333333333333333,0.23809523809523808,0.0,0.0
B00V8LIPFW,door,0.17391304347826086,0.043478260869565216,0.043478260869565216,0.043478260869565216,0.043478260869565216,0.08695652173913043,0.34782608695652173,0.21739130434782608,0.0,0.0
B00V8LIPFW,jeep,0.16326530612244897,0.0,0.04081632653061224,0.1836734693877551,0.02040816326530612,0.16326530612244897,0.20408163265306123,0.20408163265306123,0.02040816326530612,0.0
B00V8LIPFW,son,0.1,0.0,0.1,0.2,0.13333333333333333,0.3,0.03333333333333333,0.03333333333333333,0.0,0.1
B00V8LIPFW,quality,0.03571428571428571,0.03571428571428571,0.07142857142857142,0.10714285714285714,0.10714285714285714,0.25,0.10714285714285714,0.10714285714285714,0.03571428571428571,0.14285714285714285
B00V8LIPFW,vehicle,0.06,0.02,0.1,0.08,0.12,0.18,0.16,0.14,0.02,0.12
B0155MEP1C,car,0.039301310043668124,0.05240174672489083,0.13973799126637554,0.10043668122270742,0.056768558951965066,0.24890829694323144,0.13100436681222707,0.056768558951965066,0.026200873362445413,0.14847161572052403
B0155MEP1C,battery,0.037383177570093455,0.22429906542056074,0.08411214953271028,0.06542056074766354,0.037383177570093455,0.12149532710280374,0.2803738317757009,0.056074766355140186,0.018691588785046728,0.07476635514018691
B0155MEP1C,price,0.025,0.05,0.125,0.125,0.1,0.175,0.175,0.05,0.025,0.15
B0155MEP1C,son,0.06349206349206349,0.06349206349206349,0.1111111111111111,0.09523809523809523,0.06349206349206349,0.15873015873015872,0.15873015873015872,0.09523809523809523,0.07936507936507936,0.1111111111111111
B0155MEP1C,year,0.025,0.05,0.125,0.15,0.075,0.325,0.05,0.0,0.0,0.2
B0155MEP1C,product,0.04421768707482993,0.05442176870748299,0.12585034013605442,0.11904761904761904,0.04421768707482993,0.2789115646258503,0.10204081632653061,0.05782312925170068,0.034013605442176874,0.13945578231292516
B0155MEP1C,control,0.04477611940298507,0.05970149253731343,0.1044776119402985,0.11940298507462686,0.05970149253731343,0.2537313432835821,0.13432835820895522,0.07462686567164178,0.029850746268656716,0.11940298507462686
B0155MEP1C,fun,0.0,0.018518518518518517,0.2777777777777778,0.05555555555555555,0.0,0.3333333333333333,0.037037037037037035,0.018518518518518517,0.0,0.25925925925925924
B0155MEP1C,time,0.047619047619047616,0.047619047619047616,0.23809523809523808,0.07142857142857142,0.047619047619047616,0.2619047619047619,0.07142857142857142,0.07142857142857142,0.023809523809523808,0.11904761904761904
B0155MEP1C,speed,0.047619047619047616,0.09523809523809523,0.09523809523809523,0.14285714285714285,0.07142857142857142,0.23809523809523808,0.11904761904761904,0.07142857142857142,0.023809523809523808,0.09523809523809523
B0155MVMFO,car,0.057692307692307696,0.08653846153846154,0.1346153846153846,0.1201923076923077,0.07692307692307693,0.20673076923076922,0.14903846153846154,0.04807692307692308,0.028846153846153848,0.09134615384615384
B0155MVMFO,battery,0.015625,0.2421875,0.09375,0.0703125,0.03125,0.15625,0.296875,0.0234375,0.03125,0.0390625
B0155MVMFO,time,0.08196721311475409,0.11475409836065574,0.32786885245901637,0.04918032786885246,0.01639344262295082,0.06557377049180328,0.2459016393442623,0.06557377049180328,0.0,0.03278688524590164
B0155MVMFO,rc,0.05172413793103448,0.06896551724137931,0.10344827586206896,0.1206896551724138,0.1206896551724138,0.2413793103448276,0.08620689655172414,0.05172413793103448,0.05172413793103448,0.10344827586206896
B0155MVMFO,product,0.06390977443609022,0.07894736842105263,0.13157894736842105,0.12406015037593984,0.06766917293233082,0.22932330827067668,0.11654135338345864,0.04887218045112782,0.03383458646616541,0.10526315789473684
B0155MVMFO,year,0.09090909090909091,0.09090909090909091,0.13636363636363635,0.045454545454545456,0.13636363636363635,0.22727272727272727,0.13636363636363635,0.045454545454545456,0.0,0.09090909090909091
B0155MVMFO,plastic,0.08163265306122448,0.08163265306122448,0.12244897959183673,0.16326530612244897,0.04081632653061224,0.22448979591836735,0.14285714285714285,0.061224489795918366,0.04081632653061224,0.04081632653061224
B0155MVMFO,kid,0.0392156862745098,0.0784313725490196,0.17647058823529413,0.13725490196078433,0.0392156862745098,0.19607843137254902,0.11764705882352941,0.0392156862745098,0.0196078431372549,0.1568627450980392
B0155MVMFO,controller,0.027777777777777776,0.1388888888888889,0.08333333333333333,0.1388888888888889,0.1111111111111111,0.2222222222222222,0.19444444444444445,0.027777777777777776,0.0,0.05555555555555555
B0155MVMFO,speed,0.05405405405405406,0.10810810810810811,0.08108108108108109,0.08108108108108109,0.05405405405405406,0.24324324324324326,0.21621621621621623,0.08108108108108109,0.02702702702702703,0.05405405405405406
B015SKSQUW,tattoo,0.10843373493975904,0.08433734939759036,0.07228915662650602,0.060240963855421686,0.024096385542168676,0.26506024096385544,0.12048192771084337,0.08433734939759036,0.07228915662650602,0.10843373493975904
B015SKSQUW,halloween,0.14583333333333334,0.10416666666666667,0.08333333333333333,0.041666666666666664,0.020833333333333332,0.16666666666666666,0.14583333333333334,0.125,0.08333333333333333,0.08333333333333333
B015SKSQUW,product,0.10526315789473684,0.09210526315789473,0.039473684210526314,0.17105263157894737,0.02631578947368421,0.2894736842105263,0.02631578947368421,0.09210526315789473,0.07894736842105263,0.07894736842105263
B015SKSQUW,day,0.07692307692307693,0.038461538461538464,0.07692307692307693,0.15384615384615385,0.038461538461538464,0.34615384615384615,0.07692307692307693,0.07692307692307693,0.0,0.11538461538461539
B015SKSQUW,costume,0.03333333333333333,0.03333333333333333,0.2,0.16666666666666666,0.03333333333333333,0.26666666666666666,0.06666666666666667,0.03333333333333333,0.03333333333333333,0.13333333333333333
B015SKSQUW,skin,0.08695652173913043,0.13043478260869565,0.17391304347826086,0.08695652173913043,0.08695652173913043,0.08695652173913043,0.13043478260869565,0.08695652173913043,0.043478260869565216,0.08695652173913043
B015SKSQUW,year,0.14285714285714285,0.07142857142857142,0.14285714285714285,0.07142857142857142,0.0,0.14285714285714285,0.14285714285714285,0.14285714285714285,0.0,0.14285714285714285
B015SKSQUW,scar,0.18518518518518517,0.18518518518518517,0.037037037037037035,0.0,0.0,0.037037037037037035,0.18518518518518517,0.18518518518518517,0.18518518518518517,0.0
B015SKSQUW,price,0.08333333333333333,0.08333333333333333,0.041666666666666664,0.20833333333333334,0.041666666666666664,0.2916666666666667,0.0,0.08333333333333333,0.08333333333333333,0.08333333333333333
B015SKSQUW,time,0.16666666666666666,0.125,0.25,0.041666666666666664,0.0,0.041666666666666664,0.125,0.125,0.08333333333333333,0.041666666666666664
B0162HF12Q,car,0.05508474576271186,0.06779661016949153,0.1440677966101695,0.09322033898305085,0.06779661016949153,0.22033898305084745,0.13559322033898305,0.059322033898305086,0.03389830508474576,0.1228813559322034
B0162HF12Q,time,0.05970149253731343,0.014925373134328358,0.2835820895522388,0.07462686567164178,0.04477611940298507,0.1044776119402985,0.19402985074626866,0.11940298507462686,0.05970149253731343,0.04477611940298507
B0162HF12Q,day,0.125,0.041666666666666664,0.125,0.10416666666666667,0.0625,0.1875,0.16666666666666666,0.10416666666666667,0.0,0.08333333333333333
B0162HF12Q,product,0.06050955414012739,0.0732484076433121,0.13694267515923567,0.10828025477707007,0.05732484076433121,0.21656050955414013,0.14012738853503184,0.06369426751592357,0.03184713375796178,0.11146496815286625
B0162HF12Q,son,0.022222222222222223,0.08888888888888889,0.08888888888888889,0.08888888888888889,0.06666666666666667,0.2222222222222222,0.2222222222222222,0.06666666666666667,0.022222222222222223,0.1111111111111111
B0162HF12Q,part,0.0851063829787234,0.0425531914893617,0.14893617021276595,0.0851063829787234,0.1276595744680851,0.1702127659574468,0.1276595744680851,0.06382978723404255,0.0425531914893617,0.10638297872340426
B0162HF12Q,rc,0.06896551724137931,0.10344827586206896,0.13793103448275862,0.034482758620689655,0.0,0.1724137931034483,0.2413793103448276,0.06896551724137931,0.10344827586206896,0.06896551724137931
B0162HF12Q,battery,0.06493506493506493,0.24675324675324675,0.05194805194805195,0.06493506493506493,0.025974025974025976,0.07792207792207792,0.3116883116883117,0.05194805194805195,0.06493506493506493,0.03896103896103896
